,Year,Life expectancy (age)
0,2015,65.0
1,2014,59.9
2,2013,59.9
3,2012,59.5
4,2011,59.2
5,2010,58.8
6,2009,58.6
7,2008,58.1
8,2007,57.5
9,2006,57.3
10,2005,57.3
11,2004,57.0
12,2003,56.7
13,2002,56.2
14,2001,55.3
15,2000,54.8
16,2015,77.8
17,2014,77.5
18,2013,77.2
19,2012,76.9
20,2011,76.6
21,2010,76.2
22,2009,76.1
23,2008,75.3
24,2007,75.9
25,2006,74.2
26,2005,73.5
27,2004,73.0
28,2003,72.8
29,2002,73.3
30,2001,73.6
31,2000,72.6
32,2015,75.6
33,2014,75.4
34,2013,75.3
35,2012,75.1
36,2011,74.9
37,2010,74.7
38,2009,74.4
39,2008,74.1
40,2007,73.8
41,2006,73.4
42,2005,72.9
43,2004,72.3
44,2003,71.7
45,2002,71.6
46,2001,71.4
47,2000,71.3
48,2015,52.4
49,2014,51.7
50,2013,51.1
51,2012,56.0
52,2011,51.0
53,2010,49.6
54,2009,49.1
55,2008,48.7
56,2007,48.2
57,2006,47.7
58,2005,47.4
59,2004,47.1
60,2003,46.8
61,2002,46.5
62,2001,45.7
63,2000,45.3
64,2015,76.4
65,2014,76.2
66,2013,76.1
67,2012,75.9
68,2011,75.7
69,2010,75.6
70,2009,75.4
71,2008,75.2
72,2007,75.0
73,2006,74.8
74,2005,74.6
75,2004,74.4
76,2003,74.2
77,2002,74.0
78,2001,73.8
79,2000,73.6
80,2015,76.3
81,2014,76.2
82,2013,76.0
83,2012,75.9
84,2011,75.7
85,2010,75.5
86,2009,75.6
87,2008,75.4
88,2007,74.8
89,2006,75.2
90,2005,74.9
91,2004,74.7
92,2003,74.1
93,2002,74.1
94,2001,74.0
95,2000,74.1
96,2015,74.8
97,2014,74.6
98,2013,74.4
99,2012,74.4
100,2011,73.9
101,2010,73.5
102,2009,73.3
103,2008,73.2
104,2007,73.5
105,2006,72.9
106,2005,73.0
107,2004,73.0
108,2003,72.7
109,2002,72.6
110,2001,72.6
111,2000,72.0
112,2015,82.8
113,2014,82.7
114,2013,82.5
115,2012,82.3
116,2011,82.0
117,2010,81.9
118,2009,81.7
119,2008,81.3
120,2007,81.3
121,2006,81.2
122,2005,81.0
123,2004,86.0
124,2003,83.0
125,2002,79.9
126,2001,79.9
127,2000,79.5
128,2015,81.5
129,2014,81.4
130,2013,81.1
131,2012,88.0
132,2011,88.0
133,2010,84.0
134,2009,82.0
135,2008,84.0
136,2007,81.0
137,2006,79.8
138,2005,79.4
139,2004,79.3
140,2003,78.8
141,2002,78.7
142,2001,78.6
143,2000,78.1
144,2015,72.7
145,2014,72.5
146,2013,72.2
147,2012,71.9
148,2011,71.6
149,2010,71.1
150,2009,78.0
151,2008,73.0
152,2007,73.0
153,2006,69.2
154,2005,68.4
155,2004,68.4
156,2003,67.8
157,2002,67.8
158,2001,67.5
159,2000,66.6
160,2015,76.9
161,2014,76.8
162,2013,76.7
163,2012,76.5
164,2011,76.1
165,2010,76.1
166,2009,76.0
167,2008,75.8
168,2007,75.6
169,2006,75.5
170,2005,75.3
171,2004,75.2
172,2003,75.0
173,2002,74.9
174,2001,74.7
175,2000,74.5
176,2015,71.8
177,2014,71.4
178,2013,71.0
179,2012,77.0
180,2011,73.0
181,2010,69.9
182,2009,69.5
183,2008,69.1
184,2007,68.6
185,2006,68.2
186,2005,67.8
187,2004,67.3
188,2003,66.8
189,2002,66.3
190,2001,65.8
191,2000,65.3
192,2015,75.5
193,2014,75.4
194,2013,75.2
195,2012,75.1
196,2011,74.9
197,2010,74.7
198,2009,74.6
199,2008,74.4
200,2007,74.2
201,2006,74.1
202,2005,73.9
203,2004,73.8
204,2003,73.7
205,2002,73.5
206,2001,73.4
207,2000,73.3
208,2015,72.3
209,2014,72.0
210,2013,71.7
211,2012,71.9
212,2011,72.0
213,2010,73.0
214,2009,70.0
215,2008,70.0
216,2007,69.8
217,2006,68.9
218,2005,68.1
219,2004,68.2
220,2003,67.7
221,2002,67.2
222,2001,67.7
223,2000,68.0
224,2015,81.1
225,2014,89.0
226,2013,87.0
227,2012,83.0
228,2011,83.0
229,2010,80.0
230,2009,79.8
231,2008,79.5
232,2007,79.5
233,2006,79.4
234,2005,78.9
235,2004,78.8
236,2003,78.3
237,2002,78.0
238,2001,78.0
239,2000,77.6
240,2015,71.0
241,2014,70.0
242,2013,69.8
243,2012,69.4
244,2011,69.4
245,2010,69.5
246,2009,69.5
247,2008,69.6
248,2007,69.6
249,2006,69.4
250,2005,69.0
251,2004,68.7
252,2003,68.4
253,2002,68.5
254,2001,68.2
255,2000,68.3
256,2015,60.0
257,2014,59.7
258,2013,59.5
259,2012,59.3
260,2011,59.1
261,2010,58.7
262,2009,58.4
263,2008,57.6
264,2007,57.1
265,2006,56.8
266,2005,56.5
267,2004,56.1
268,2003,55.8
269,2002,55.6
270,2001,55.5
271,2000,55.4
272,2015,69.8
273,2014,69.4
274,2013,69.1
275,2012,68.7
276,2011,68.3
277,2010,67.9
278,2009,67.4
279,2008,67.0
280,2007,66.5
281,2006,65.8
282,2005,65.0
283,2004,64.2
284,2003,63.3
285,2002,62.5
286,2001,61.7
287,2000,62.0
288,2015,77.0
289,2014,74.0
290,2013,71.0
291,2012,69.8
292,2011,69.3
293,2010,68.7
294,2009,68.0
295,2008,67.4
296,2007,66.8
297,2006,66.2
298,2005,65.7
299,2004,65.1
300,2003,64.5
301,2002,63.9
302,2001,63.3
303,2000,62.6
304,2015,77.4
305,2014,77.2
306,2013,77.0
307,2012,76.8
308,2011,76.9
309,2010,76.4
310,2009,76.1
311,2008,76.0
312,2007,75.4
313,2006,75.7
314,2005,75.0
315,2004,75.5
316,2003,75.2
317,2002,75.4
318,2001,74.9
319,2000,74.6
320,2015,65.7
321,2014,65.1
322,2013,64.2
323,2012,63.4
324,2011,62.2
325,2010,61.1
326,2009,59.2
327,2008,57.5
328,2007,56.9
329,2006,54.8
330,2005,51.7
331,2004,48.1
332,2003,46.4
333,2002,46.0
334,2001,46.7
335,2000,47.8
336,2015,75.0
337,2014,74.8
338,2013,74.7
339,2012,74.5
340,2011,74.1
341,2010,73.8
342,2009,73.6
343,2008,73.4
344,2007,73.3
345,2006,73.0
346,2005,72.7
347,2004,72.0
348,2003,71.8
349,2002,71.4
350,2001,71.0
351,2000,75.0
352,2015,77.7
353,2014,77.6
354,2013,77.1
355,2012,78.3
356,2011,77.4
357,2010,76.9
358,2009,76.8
359,2008,77.2
360,2007,76.0
361,2006,76.3
362,2005,76.2
363,2004,76.4
364,2003,76.0
365,2002,74.8
366,2001,74.7
367,2000,74.4
368,2015,74.5
369,2014,74.3
370,2013,74.1
371,2012,73.9
372,2011,73.7
373,2010,73.4
374,2009,73.2
375,2008,72.9
376,2007,72.6
377,2006,72.2
378,2005,72.1
379,2004,72.2
380,2003,72.0
381,2002,71.8
382,2001,71.6
383,2000,71.1
384,2015,59.9
385,2014,59.3
386,2013,59.0
387,2012,58.6
388,2011,58.1
389,2010,57.5
390,2009,56.9
391,2008,56.1
392,2007,55.3
393,2006,54.3
394,2005,53.3
395,2004,52.4
396,2003,51.6
397,2002,51.0
398,2001,56.0
399,2000,51.0
400,2015,59.6
401,2014,59.1
402,2013,58.6
403,2012,58.0
404,2011,57.4
405,2010,56.8
406,2009,56.2
407,2008,55.3
408,2007,54.8
409,2006,54.1
410,2005,53.4
411,2004,52.6
412,2003,51.9
413,2002,51.5
414,2001,51.3
415,2000,58.0
416,2015,68.7
417,2014,68.3
418,2013,67.8
419,2012,67.4
420,2011,67.0
421,2010,66.6
422,2009,66.1
423,2008,65.6
424,2007,65.0
425,2006,64.1
426,2005,62.9
427,2004,61.5
428,2003,63.0
429,2002,59.3
430,2001,58.5
431,2000,57.7
432,2015,57.3
433,2014,56.7
434,2013,56.4
435,2012,55.9
436,2011,55.6
437,2010,55.3
438,2009,54.8
439,2008,54.2
440,2007,53.6
441,2006,53.3
442,2005,52.8
443,2004,52.1
444,2003,51.8
445,2002,51.6
446,2001,51.5
447,2000,51.4
448,2015,82.2
449,2014,82.0
450,2013,81.8
451,2012,81.6
452,2011,81.5
453,2010,81.2
454,2009,81.0
455,2008,87.0
456,2007,85.0
457,2006,85.0
458,2005,81.0
459,2004,80.0
460,2003,79.7
461,2002,79.5
462,2001,79.4
463,2000,79.1
464,2015,73.3
465,2014,73.0
466,2013,72.8
467,2012,72.7
468,2011,72.6
469,2010,72.5
470,2009,72.4
471,2008,72.4
472,2007,72.3
473,2006,72.1
474,2005,71.8
475,2004,71.4
476,2003,71.1
477,2002,77.0
478,2001,73.0
479,2000,69.9
480,2015,52.5
481,2014,58.0
482,2013,49.9
483,2012,53.0
484,2011,49.8
485,2010,49.2
486,2009,48.6
487,2008,47.6
488,2007,46.8
489,2006,46.3
490,2005,45.9
491,2004,45.7
492,2003,45.7
493,2002,45.6
494,2001,45.6
495,2000,46.0
496,2015,53.1
497,2014,52.6
498,2013,52.2
499,2012,51.8
500,2011,51.6
501,2010,51.2
502,2009,57.0
503,2008,49.6
504,2007,49.4
505,2006,48.5
506,2005,48.6
507,2004,48.5
508,2003,48.4
509,2002,48.1
510,2001,48.0
511,2000,47.6
512,2015,85.0
513,2014,83.0
514,2013,81.0
515,2012,79.9
516,2011,79.8
517,2010,79.1
518,2009,79.3
519,2008,79.6
520,2007,78.9
521,2006,78.9
522,2005,78.4
523,2004,78.0
524,2003,77.9
525,2002,77.8
526,2001,77.3
527,2000,77.3
528,2015,76.1
529,2014,75.8
530,2013,75.6
531,2012,75.4
532,2011,75.2
533,2010,75.0
534,2009,74.9
535,2008,74.5
536,2007,74.4
537,2006,74.2
538,2005,73.9
539,2004,73.5
540,2003,73.1
541,2002,72.7
542,2001,72.2
543,2000,71.7
544,2015,74.8
545,2014,74.6
546,2013,74.4
547,2012,74.3
548,2011,74.2
549,2010,73.6
550,2009,73.6
551,2008,73.5
552,2007,73.5
553,2006,73.1
554,2005,73.1
555,2004,72.8
556,2003,72.4
557,2002,71.8
558,2001,71.5
559,2000,71.4
560,2015,63.5
561,2014,63.2
562,2013,62.9
563,2012,62.5
564,2011,62.2
565,2010,61.8
566,2009,61.3
567,2008,61.0
568,2007,66.0
569,2006,63.0
570,2005,60.0
571,2004,59.8
572,2003,59.6
573,2002,59.5
574,2001,59.5
575,2000,59.5
576,2015,79.6
577,2014,79.5
578,2013,79.4
579,2012,79.2
580,2011,79.0
581,2010,78.1
582,2009,79.2
583,2008,78.9
584,2007,78.9
585,2006,78.0
586,2005,78.6
587,2004,77.7
588,2003,78.0
589,2002,78.3
590,2001,77.5
591,2000,77.6
592,2015,78.0
593,2014,77.8
594,2013,77.7
595,2012,77.1
596,2011,77.0
597,2010,76.6
598,2009,76.3
599,2008,76.0
600,2007,75.8
601,2006,75.9
602,2005,75.2
603,2004,75.4
604,2003,74.7
605,2002,74.8
606,2001,74.9
607,2000,74.7
608,2015,79.1
609,2014,79.0
610,2013,78.7
611,2012,78.7
612,2011,78.8
613,2010,78.0
614,2009,78.1
615,2008,77.9
616,2007,78.1
617,2006,78.0
618,2005,77.2
619,2004,77.3
620,2003,77.4
621,2002,77.7
622,2001,76.7
623,2000,76.9
624,2015,85.0
625,2014,83.0
626,2013,81.0
627,2012,80.0
628,2011,79.7
629,2010,79.5
630,2009,79.3
631,2008,79.1
632,2007,78.9
633,2006,78.8
634,2005,78.7
635,2004,78.6
636,2003,78.5
637,2002,78.4
638,2001,78.2
639,2000,78.1
640,2015,78.8
641,2014,78.6
642,2013,78.2
643,2012,78.0
644,2011,77.8
645,2010,77.5
646,2009,77.1
647,2008,77.0
648,2007,76.8
649,2006,76.5
650,2005,75.9
651,2004,75.8
652,2003,75.2
653,2002,75.3
654,2001,75.1
655,2000,74.7
656,2015,59.8
657,2014,59.3
658,2013,58.8
659,2012,58.3
660,2011,57.9
661,2010,57.4
662,2009,56.7
663,2008,56.3
664,2007,55.7
665,2006,55.0
666,2005,54.3
667,2004,53.5
668,2003,52.8
669,2002,52.1
670,2001,51.8
671,2000,51.3
672,2015,86.0
673,2014,84.0
674,2013,81.0
675,2012,80.0
676,2011,79.7
677,2010,79.2
678,2009,78.9
679,2008,78.8
680,2007,78.4
681,2006,78.1
682,2005,78.1
683,2004,77.7
684,2003,77.3
685,2002,77.0
686,2001,77.0
687,2000,76.9
688,2015,63.5
689,2014,63.0
690,2013,62.7
691,2012,62.2
692,2011,61.8
693,2010,61.3
694,2009,69.0
695,2008,62.0
696,2007,59.8
697,2006,59.1
698,2005,58.6
699,2004,58.1
700,2003,58.0
701,2002,57.9
702,2001,57.7
703,2000,57.4
704,2015,73.9
705,2014,73.6
706,2013,73.4
707,2012,72.1
708,2011,73.1
709,2010,72.7
710,2009,73.6
711,2008,73.3
712,2007,72.9
713,2006,72.3
714,2005,69.7
715,2004,69.3
716,2003,73.0
717,2002,71.4
718,2001,71.2
719,2000,72.0
720,2015,68.3
721,2014,68.0
722,2013,67.7
723,2012,67.4
724,2011,67.2
725,2010,66.9
726,2009,66.6
727,2008,66.2
728,2007,65.8
729,2006,64.9
730,2005,63.7
731,2004,62.3
732,2003,61.0
733,2002,62.0
734,2001,59.4
735,2000,58.7
736,2015,76.2
737,2014,76.0
738,2013,76.0
739,2012,75.5
740,2011,75.3
741,2010,75.0
742,2009,75.1
743,2008,74.6
744,2007,74.7
745,2006,74.4
746,2005,74.2
747,2004,74.4
748,2003,74.4
749,2002,73.6
750,2001,73.4
751,2000,72.8
752,2015,79.0
753,2014,78.0
754,2013,79.0
755,2012,72.0
756,2011,74.0
757,2010,70.0
758,2009,69.9
759,2008,69.8
760,2007,69.7
761,2006,69.5
762,2005,69.4
763,2004,69.0
764,2003,68.6
765,2002,68.7
766,2001,68.6
767,2000,68.8
768,2015,73.5
769,2014,73.3
770,2013,73.0
771,2012,73.0
772,2011,72.0
773,2010,72.0
774,2009,71.4
775,2008,71.7
776,2007,71.2
777,2006,75.0
778,2005,71.0
779,2004,70.0
780,2003,69.9
781,2002,73.0
782,2001,68.9
783,2000,69.0
784,2015,58.2
785,2014,57.9
786,2013,57.4
787,2012,56.7
788,2011,56.2
789,2010,56.1
790,2009,55.7
791,2008,55.4
792,2007,55.0
793,2006,54.8
794,2005,54.4
795,2004,54.1
796,2003,53.8
797,2002,53.5
798,2001,53.1
799,2000,52.7
800,2015,64.7
801,2014,64.4
802,2013,64.0
803,2012,63.6
804,2011,62.9
805,2010,62.1
806,2009,61.4
807,2008,67.0
808,2007,62.0
809,2006,59.7
810,2005,59.4
811,2004,59.1
812,2003,58.8
813,2002,58.5
814,2001,58.1
815,2000,45.3
816,2015,77.6
817,2014,77.3
818,2013,76.9
819,2012,76.3
820,2011,76.1
821,2010,75.6
822,2009,74.9
823,2008,74.2
824,2007,73.0
825,2006,73.0
826,2005,72.8
827,2004,72.3
828,2003,71.9
829,2002,71.2
830,2001,78.0
831,2000,78.0
832,2015,58.9
833,2014,58.4
834,2013,57.6
835,2012,56.5
836,2011,55.0
837,2010,53.6
838,2009,52.6
839,2008,51.4
840,2007,50.0
841,2006,47.8
842,2005,46.0
843,2004,45.6
844,2003,45.9
845,2002,46.4
846,2001,47.1
847,2000,48.4
848,2015,64.8
849,2014,64.2
850,2013,63.7
851,2012,63.3
852,2011,62.6
853,2010,61.8
854,2009,68.0
855,2008,59.8
856,2007,58.5
857,2006,57.2
858,2005,56.0
859,2004,55.0
860,2003,54.0
861,2002,53.2
862,2001,52.5
863,2000,51.2
864,2015,69.4
865,2014,69.4
866,2013,69.2
867,2012,69.0
868,2011,68.9
869,2010,68.7
870,2009,68.5
871,2008,68.4
872,2007,68.2
873,2006,68.0
874,2005,67.9
875,2004,67.7
876,2003,67.5
877,2002,66.2
878,2001,67.2
879,2000,67.0
880,2015,69.9
881,2014,69.7
882,2013,69.6
883,2012,69.4
884,2011,69.2
885,2010,69.1
886,2009,68.9
887,2008,68.7
888,2007,68.6
889,2006,68.5
890,2005,68.3
891,2004,68.1
892,2003,68.0
893,2002,67.9
894,2001,67.8
895,2000,67.7
896,2015,81.1
897,2014,89.0
898,2013,87.0
899,2012,84.0
900,2011,83.0
901,2010,79.9
902,2009,79.7
903,2008,79.6
904,2007,79.3
905,2006,79.2
906,2005,78.9
907,2004,78.7
908,2003,78.4
909,2002,78.1
910,2001,78.0
911,2000,77.5
912,2015,82.4
913,2014,82.2
914,2013,82.0
915,2012,81.5
916,2011,81.7
917,2010,81.3
918,2009,81.1
919,2008,89.0
920,2007,89.0
921,2006,86.0
922,2005,81.0
923,2004,82.0
924,2003,79.3
925,2002,79.2
926,2001,79.0
927,2000,78.8
928,2015,66.0
929,2014,65.5
930,2013,64.6
931,2012,63.5
932,2011,62.8
933,2010,62.3
934,2009,61.7
935,2008,61.6
936,2007,61.6
937,2006,61.4
938,2005,65.0
939,2004,59.7
940,2003,59.7
941,2002,59.7
942,2001,59.8
943,2000,61.0
944,2015,61.1
945,2014,68.0
946,2013,66.0
947,2012,62.0
948,2011,59.8
949,2010,59.3
950,2009,59.0
951,2008,58.7
952,2007,58.5
953,2006,58.2
954,2005,57.7
955,2004,57.3
956,2003,57.0
957,2002,56.6
958,2001,56.3
959,2000,55.9
960,2015,74.4
961,2014,74.5
962,2013,74.5
963,2012,74.2
964,2011,73.9
965,2010,73.8
966,2009,73.2
967,2008,73.9
968,2007,74.4
969,2006,73.9
970,2005,73.9
971,2004,72.3
972,2003,72.7
973,2002,71.7
974,2001,73.0
975,2000,71.8
976,2015,81.0
977,2014,89.0
978,2013,86.0
979,2012,86.0
980,2011,85.0
981,2010,81.0
982,2009,80.0
983,2008,79.9
984,2007,79.8
985,2006,79.6
986,2005,79.2
987,2004,79.1
988,2003,78.5
989,2002,78.4
990,2001,78.3
991,2000,78.0
992,2015,62.4
993,2014,62.1
994,2013,61.9
995,2012,61.6
996,2011,61.2
997,2010,69.0
998,2009,66.0
999,2008,63.0
1000,2007,59.9
1001,2006,59.4
1002,2005,58.9
1003,2004,58.3
1004,2003,57.9
1005,2002,57.6
1006,2001,57.4
1007,2000,57.2
1008,2015,81.0
1009,2014,88.0
1010,2013,86.0
1011,2012,84.0
1012,2011,85.0
1013,2010,83.0
1014,2009,80.0
1015,2008,79.9
1016,2007,79.4
1017,2006,79.7
1018,2005,79.3
1019,2004,79.2
1020,2003,79.1
1021,2002,79.0
1022,2001,78.7
1023,2000,78.2
1024,2015,73.6
1025,2014,73.5
1026,2013,73.3
1027,2012,73.1
1028,2011,72.9
1029,2010,72.6
1030,2009,72.4
1031,2008,72.1
1032,2007,71.9
1033,2006,71.7
1034,2005,71.5
1035,2004,73.0
1036,2003,71.1
1037,2002,79.0
1038,2001,77.0
1039,2000,74.0
1040,2015,71.9
1041,2014,71.7
1042,2013,71.4
1043,2012,71.3
1044,2011,71.1
1045,2010,77.0
1046,2009,76.0
1047,2008,79.0
1048,2007,75.0
1049,2006,69.7
1050,2005,69.2
1051,2004,69.6
1052,2003,69.4
1053,2002,69.3
1054,2001,68.4
1055,2000,67.7
1056,2015,59.0
1057,2014,58.1
1058,2013,58.8
1059,2012,58.4
1060,2011,58.1
1061,2010,57.8
1062,2009,57.3
1063,2008,56.8
1064,2007,56.4
1065,2006,55.6
1066,2005,54.7
1067,2004,54.0
1068,2003,53.3
1069,2002,52.9
1070,2001,52.5
1071,2000,52.5
1072,2015,58.9
1073,2014,58.4
1074,2013,58.1
1075,2012,57.6
1076,2011,57.1
1077,2010,56.7
1078,2009,56.3
1079,2008,55.6
1080,2007,55.0
1081,2006,54.4
1082,2005,53.9
1083,2004,53.5
1084,2003,53.0
1085,2002,52.8
1086,2001,52.5
1087,2000,52.1
1088,2015,66.2
1089,2014,66.0
1090,2013,65.9
1091,2012,65.8
1092,2011,65.6
1093,2010,65.9
1094,2009,66.1
1095,2008,66.3
1096,2007,65.7
1097,2006,65.2
1098,2005,65.0
1099,2004,65.1
1100,2003,65.3
1101,2002,65.3
1102,2001,65.4
1103,2000,65.4
1104,2015,63.5
1105,2014,63.1
1106,2013,62.7
1107,2012,62.3
1108,2011,62.3
1109,2010,36.3
1110,2009,62.5
1111,2008,62.1
1112,2007,61.8
1113,2006,61.1
1114,2005,65.0
1115,2004,58.7
1116,2003,59.7
1117,2002,59.3
1118,2001,58.9
1119,2000,58.6
1120,2015,74.6
1121,2014,74.5
1122,2013,74.3
1123,2012,74.1
1124,2011,73.9
1125,2010,73.6
1126,2009,73.4
1127,2008,73.2
1128,2007,73.0
1129,2006,72.8
1130,2005,72.5
1131,2004,72.2
1132,2003,71.9
1133,2002,71.6
1134,2001,71.3
1135,2000,71.0
1136,2015,75.8
1137,2014,75.6
1138,2013,75.5
1139,2012,75.0
1140,2011,74.8
1141,2010,74.5
1142,2009,74.2
1143,2008,74.1
1144,2007,73.5
1145,2006,73.4
1146,2005,72.9
1147,2004,72.9
1148,2003,72.5
1149,2002,72.5
1150,2001,72.3
1151,2000,71.7
1152,2015,82.7
1153,2014,82.5
1154,2013,82.4
1155,2012,82.5
1156,2011,82.1
1157,2010,81.8
1158,2009,81.6
1159,2008,81.4
1160,2007,81.3
1161,2006,81.1
1162,2005,81.0
1163,2004,88.0
1164,2003,87.0
1165,2002,84.0
1166,2001,80.0
1167,2000,79.7
1168,2015,68.3
1169,2014,68.0
1170,2013,67.6
1171,2012,67.3
1172,2011,66.8
1173,2010,66.4
1174,2009,66.0
1175,2008,65.5
1176,2007,65.2
1177,2006,64.8
1178,2005,64.4
1179,2004,64.0
1180,2003,63.7
1181,2002,63.3
1182,2001,62.9
1183,2000,62.5
1184,2015,69.1
1185,2014,68.9
1186,2013,68.7
1187,2012,68.5
1188,2011,68.3
1189,2010,68.1
1190,2009,67.9
1191,2008,67.7
1192,2007,67.5
1193,2006,67.3
1194,2005,67.2
1195,2004,65.3
1196,2003,66.9
1197,2002,66.7
1198,2001,66.5
1199,2000,66.3
1200,2015,75.5
1201,2014,75.4
1202,2013,75.3
1203,2012,75.1
1204,2011,74.7
1205,2010,74.1
1206,2009,73.3
1207,2008,72.7
1208,2007,72.4
1209,2006,72.2
1210,2005,72.0
1211,2004,71.8
1212,2003,75.0
1213,2002,71.2
1214,2001,78.0
1215,2000,73.0
1216,2015,68.9
1217,2014,67.9
1218,2013,69.5
1219,2012,76.0
1220,2011,77.0
1221,2010,76.0
1222,2009,74.0
1223,2008,69.3
1224,2007,65.9
1225,2006,64.7
1226,2005,66.8
1227,2004,67.2
1228,2003,66.5
1229,2002,74.0
1230,2001,72.0
1231,2000,70.0
1232,2015,81.4
1233,2014,81.2
1234,2013,81.0
1235,2012,85.0
1236,2011,84.0
1237,2010,86.0
1238,2009,79.7
1239,2008,79.8
1240,2007,79.5
1241,2006,79.0
1242,2005,78.7
1243,2004,78.3
1244,2003,78.0
1245,2002,77.4
1246,2001,77.0
1247,2000,76.4
1248,2015,82.5
1249,2014,82.2
1250,2013,82.1
1251,2012,81.8
1252,2011,81.8
1253,2010,81.7
1254,2009,81.5
1255,2008,81.0
1256,2007,84.0
1257,2006,84.0
1258,2005,80.0
1259,2004,81.0
1260,2003,79.7
1261,2002,79.3
1262,2001,79.3
1263,2000,78.9
1264,2015,82.7
1265,2014,82.5
1266,2013,82.3
1267,2012,82.0
1268,2011,82.0
1269,2010,81.8
1270,2009,81.6
1271,2008,81.5
1272,2007,81.3
1273,2006,81.2
1274,2005,88.0
1275,2004,89.0
1276,2003,79.9
1277,2002,80.0
1278,2001,79.8
1279,2000,79.4
1280,2015,53.3
1281,2014,52.8
1282,2013,52.3
1283,2012,52.0
1284,2011,51.7
1285,2010,51.5
1286,2009,51.0
1287,2008,54.0
1288,2007,49.9
1289,2006,49.4
1290,2005,48.7
1291,2004,48.2
1292,2003,48.0
1293,2002,47.7
1294,2001,47.8
1295,2000,47.9
1296,2015,76.2
1297,2014,75.8
1298,2013,75.6
1299,2012,75.3
1300,2011,75.2
1301,2010,75.0
1302,2009,74.7
1303,2008,74.5
1304,2007,74.2
1305,2006,74.0
1306,2005,73.5
1307,2004,73.3
1308,2003,73.1
1309,2002,73.0
1310,2001,72.7
1311,2000,72.6
1312,2015,83.7
1313,2014,83.5
1314,2013,83.5
1315,2012,83.3
1316,2011,82.5
1317,2010,83.0
1318,2009,83.0
1319,2008,82.7
1320,2007,82.6
1321,2006,82.4
1322,2005,82.0
1323,2004,82.1
1324,2003,81.9
1325,2002,81.8
1326,2001,81.5
1327,2000,81.1
1328,2015,74.1
1329,2014,74.0
1330,2013,73.9
1331,2012,73.7
1332,2011,73.6
1333,2010,73.4
1334,2009,73.3
1335,2008,73.1
1336,2007,73.0
1337,2006,72.8
1338,2005,72.4
1339,2004,72.5
1340,2003,72.3
1341,2002,72.1
1342,2001,71.9
1343,2000,71.7
1344,2015,72.0
1345,2014,69.9
1346,2013,69.5
1347,2012,69.1
1348,2011,68.5
1349,2010,67.8
1350,2009,67.8
1351,2008,66.6
1352,2007,65.3
1353,2006,65.0
1354,2005,64.6
1355,2004,64.7
1356,2003,64.4
1357,2002,64.7
1358,2001,64.4
1359,2000,63.9
1360,2015,63.4
1361,2014,62.9
1362,2013,62.6
1363,2012,62.1
1364,2011,61.2
1365,2010,63.0
1366,2009,59.1
1367,2008,57.9
1368,2007,56.8
1369,2006,55.3
1370,2005,54.1
1371,2004,53.0
1372,2003,52.4
1373,2002,52.1
1374,2001,51.9
1375,2000,51.9
1376,2015,66.3
1377,2014,66.1
1378,2013,65.8
1379,2012,65.7
1380,2011,65.5
1381,2010,65.3
1382,2009,65.2
1383,2008,65.1
1384,2007,65.0
1385,2006,65.0
1386,2005,64.9
1387,2004,64.8
1388,2003,64.7
1389,2002,64.6
1390,2001,64.3
1391,2000,64.1
1392,2015,74.7
1393,2014,74.6
1394,2013,74.5
1395,2012,74.3
1396,2011,74.2
1397,2010,74.0
1398,2009,73.9
1399,2008,73.8
1400,2007,73.7
1401,2006,73.6
1402,2005,73.6
1403,2004,73.5
1404,2003,73.4
1405,2002,73.3
1406,2001,73.2
1407,2000,73.2
1408,2015,71.1
1409,2014,78.0
1410,2013,77.0
1411,2012,69.9
1412,2011,69.4
1413,2010,68.8
1414,2009,68.5
1415,2008,67.6
1416,2007,67.2
1417,2006,66.7
1418,2005,66.9
1419,2004,67.1
1420,2003,66.6
1421,2002,66.7
1422,2001,67.2
1423,2000,66.6
1424,2015,65.7
1425,2014,65.3
1426,2013,64.9
1427,2012,64.4
1428,2011,64.0
1429,2010,63.6
1430,2009,63.1
1431,2008,62.6
1432,2007,62.1
1433,2006,61.5
1434,2005,61.0
1435,2004,64.0
1436,2003,59.8
1437,2002,59.3
1438,2001,58.7
1439,2000,58.1
1440,2015,74.6
1441,2014,74.4
1442,2013,74.1
1443,2012,73.8
1444,2011,73.6
1445,2010,72.8
1446,2009,72.6
1447,2008,71.9
1448,2007,78.0
1449,2006,75.0
1450,2005,76.0
1451,2004,71.0
1452,2003,78.0
1453,2002,73.0
1454,2001,69.9
1455,2000,71.0
1456,2015,74.9
1457,2014,74.8
1458,2013,74.9
1459,2012,75.0
1460,2011,75.0
1461,2010,74.9
1462,2009,74.7
1463,2008,74.5
1464,2007,74.4
1465,2006,74.1
1466,2005,73.9
1467,2004,73.7
1468,2003,73.5
1469,2002,73.2
1470,2001,73.0
1471,2000,72.7
1472,2015,53.7
1473,2014,52.1
1474,2013,52.1
1475,2012,52.2
1476,2011,52.3
1477,2010,51.1
1478,2009,49.4
1479,2008,47.8
1480,2007,46.2
1481,2006,45.3
1482,2005,44.5
1483,2004,44.8
1484,2003,45.5
1485,2002,46.4
1486,2001,47.8
1487,2000,49.3
1488,2015,61.4
1489,2014,58.1
1490,2013,61.1
1491,2012,67.0
1492,2011,62.0
1493,2010,59.7
1494,2009,59.2
1495,2008,58.6
1496,2007,57.9
1497,2006,56.7
1498,2005,55.3
1499,2004,54.0
1500,2003,50.0
1501,2002,56.0
1502,2001,51.5
1503,2000,51.9
1504,2015,72.7
1505,2014,72.4
1506,2013,72.9
1507,2012,72.9
1508,2011,71.3
1509,2010,72.8
1510,2009,72.7
1511,2008,72.6
1512,2007,72.5
1513,2006,72.2
1514,2005,71.9
1515,2004,71.5
1516,2003,71.3
1517,2002,71.1
1518,2001,71.0
1519,2000,78.0
1520,2015,73.6
1521,2014,73.4
1522,2013,73.0
1523,2012,73.0
1524,2011,72.8
1525,2010,72.4
1526,2009,72.2
1527,2008,71.1
1528,2007,72.0
1529,2006,76.0
1530,2005,78.0
1531,2004,71.6
1532,2003,71.6
1533,2002,71.4
1534,2001,71.2
1535,2000,71.6
1536,2015,82.0
1537,2014,81.7
1538,2013,81.4
1539,2012,81.1
1540,2011,88.0
1541,2010,86.0
1542,2009,83.0
1543,2008,80.0
1544,2007,79.7
1545,2006,79.4
1546,2005,78.8
1547,2004,78.7
1548,2003,78.6
1549,2002,78.3
1550,2001,78.0
1551,2000,77.8
1552,2015,65.5
1553,2014,65.1
1554,2013,64.7
1555,2012,64.3
1556,2011,63.8
1557,2010,63.3
1558,2009,62.8
1559,2008,62.3
1560,2007,61.9
1561,2006,61.4
1562,2005,69.0
1563,2004,64.0
1564,2003,59.9
1565,2002,59.3
1566,2001,58.7
1567,2000,57.9
1568,2015,58.3
1569,2014,57.6
1570,2013,56.7
1571,2012,55.3
1572,2011,54.1
1573,2010,52.9
1574,2009,51.5
1575,2008,50.0
1576,2007,48.5
1577,2006,47.1
1578,2005,46.0
1579,2004,45.1
1580,2003,44.6
1581,2002,44.0
1582,2001,43.5
1583,2000,43.1
1584,2015,75.0
1585,2014,74.8
1586,2013,74.6
1587,2012,74.5
1588,2011,74.3
1589,2010,74.1
1590,2009,74.0
1591,2008,73.8
1592,2007,73.7
1593,2006,73.6
1594,2005,73.4
1595,2004,73.2
1596,2003,73.1
1597,2002,72.9
1598,2001,72.7
1599,2000,72.4
1600,2015,78.5
1601,2014,78.2
1602,2013,77.9
1603,2012,77.6
1604,2011,77.3
1605,2010,76.7
1606,2009,76.3
1607,2008,75.9
1608,2007,75.4
1609,2006,75.0
1610,2005,74.3
1611,2004,73.4
1612,2003,72.7
1613,2002,71.8
1614,2001,78.0
1615,2000,69.6
1616,2015,58.2
1617,2014,57.8
1618,2013,57.3
1619,2012,57.2
1620,2011,56.8
1621,2010,56.5
1622,2009,56.0
1623,2008,55.5
1624,2007,55.0
1625,2006,54.3
1626,2005,53.6
1627,2004,52.8
1628,2003,52.0
1629,2002,51.2
1630,2001,55.0
1631,2000,49.8
1632,2015,81.7
1633,2014,81.4
1634,2013,81.1
1635,2012,81.0
1636,2011,87.0
1637,2010,83.0
1638,2009,82.0
1639,2008,80.0
1640,2007,79.6
1641,2006,79.3
1642,2005,79.0
1643,2004,78.7
1644,2003,78.5
1645,2002,78.2
1646,2001,77.8
1647,2000,77.5
1648,2015,63.1
1649,2014,63.0
1650,2013,62.7
1651,2012,62.5
1652,2011,62.2
1653,2010,62.0
1654,2009,61.7
1655,2008,61.4
1656,2007,61.2
1657,2006,69.0
1658,2005,66.0
1659,2004,64.0
1660,2003,63.0
1661,2002,62.0
1662,2001,61.0
1663,2000,60.0
1664,2015,74.6
1665,2014,74.2
1666,2013,74.1
1667,2012,73.9
1668,2011,73.6
1669,2010,73.3
1670,2009,72.8
1671,2008,72.7
1672,2007,72.9
1673,2006,71.8
1674,2005,72.1
1675,2004,71.9
1676,2003,71.5
1677,2002,71.5
1678,2001,71.5
1679,2000,71.0
1680,2015,76.7
1681,2014,76.6
1682,2013,76.6
1683,2012,76.3
1684,2011,76.1
1685,2010,75.6
1686,2009,75.7
1687,2008,75.6
1688,2007,76.0
1689,2006,75.8
1690,2005,75.3
1691,2004,75.4
1692,2003,75.0
1693,2002,75.0
1694,2001,75.0
1695,2000,74.8
1696,2015,72.1
1697,2014,71.8
1698,2013,71.7
1699,2012,79.0
1700,2011,77.0
1701,2010,68.8
1702,2009,69.0
1703,2008,68.9
1704,2007,68.3
1705,2006,68.0
1706,2005,67.3
1707,2004,68.0
1708,2003,67.6
1709,2002,67.5
1710,2001,67.6
1711,2000,67.1
1712,2015,68.8
1713,2014,68.4
1714,2013,68.1
1715,2012,67.8
1716,2011,67.3
1717,2010,66.3
1718,2009,66.9
1719,2008,67.4
1720,2007,65.9
1721,2006,65.0
1722,2005,64.5
1723,2004,64.0
1724,2003,64.0
1725,2002,63.8
1726,2001,63.2
1727,2000,62.8
1728,2015,76.1
1729,2014,75.9
1730,2013,75.8
1731,2012,75.6
1732,2011,75.4
1733,2010,75.3
1734,2009,75.0
1735,2008,74.6
1736,2007,74.2
1737,2006,73.8
1738,2005,73.6
1739,2004,73.5
1740,2003,73.5
1741,2002,73.4
1742,2001,73.3
1743,2000,73.0
1744,2015,74.3
1745,2014,74.1
1746,2013,73.9
1747,2012,73.6
1748,2011,73.3
1749,2010,72.8
1750,2009,72.3
1751,2008,71.8
1752,2007,71.4
1753,2006,71.0
1754,2005,77.0
1755,2004,72.0
1756,2003,69.9
1757,2002,69.5
1758,2001,69.0
1759,2000,68.6
1760,2015,57.6
1761,2014,56.7
1762,2013,55.3
1763,2012,54.8
1764,2011,54.3
1765,2010,54.0
1766,2009,53.8
1767,2008,53.2
1768,2007,52.1
1769,2006,51.2
1770,2005,58.0
1771,2004,54.0
1772,2003,51.0
1773,2002,49.8
1774,2001,49.5
1775,2000,49.0
1776,2015,66.6
1777,2014,66.4
1778,2013,66.2
1779,2012,65.9
1780,2011,65.6
1781,2010,65.4
1782,2009,65.2
1783,2008,59.2
1784,2007,64.5
1785,2006,64.2
1786,2005,63.9
1787,2004,63.5
1788,2003,63.2
1789,2002,62.8
1790,2001,62.5
1791,2000,62.1
1792,2015,65.8
1793,2014,65.9
1794,2013,66.1
1795,2012,65.8
1796,2011,64.3
1797,2010,63.0
1798,2009,62.4
1799,2008,61.7
1800,2007,60.0
1801,2006,57.0
1802,2005,55.1
1803,2004,54.7
1804,2003,55.0
1805,2002,55.7
1806,2001,56.5
1807,2000,57.4
1808,2015,69.2
1809,2014,69.6
1810,2013,69.3
1811,2012,68.9
1812,2011,68.4
1813,2010,68.0
1814,2009,67.5
1815,2008,67.0
1816,2007,66.6
1817,2006,66.0
1818,2005,65.4
1819,2004,64.7
1820,2003,64.3
1821,2002,63.1
1822,2001,63.2
1823,2000,62.5
1824,2015,81.9
1825,2014,81.7
1826,2013,81.4
1827,2012,81.1
1828,2011,81.1
1829,2010,88.0
1830,2009,86.0
1831,2008,83.0
1832,2007,82.0
1833,2006,79.8
1834,2005,79.4
1835,2004,79.2
1836,2003,78.7
1837,2002,78.4
1838,2001,78.3
1839,2000,78.1
1840,2015,81.6
1841,2014,81.5
1842,2013,81.3
1843,2012,81.1
1844,2011,86.0
1845,2010,89.0
1846,2009,85.0
1847,2008,81.0
1848,2007,81.0
1849,2006,79.9
1850,2005,79.9
1851,2004,79.2
1852,2003,79.1
1853,2002,78.7
1854,2001,78.5
1855,2000,78.6
1856,2015,74.8
1857,2014,74.5
1858,2013,73.9
1859,2012,73.9
1860,2011,74.5
1861,2010,73.2
1862,2009,73.2
1863,2008,72.5
1864,2007,72.5
1865,2006,73.0
1866,2005,71.2
1867,2004,71.0
1868,2003,76.0
1869,2002,75.0
1870,2001,73.0
1871,2000,73.0
1872,2015,61.8
1873,2014,61.4
1874,2013,69.0
1875,2012,63.0
1876,2011,59.4
1877,2010,58.2
1878,2009,57.1
1879,2008,56.0
1880,2007,55.2
1881,2006,54.5
1882,2005,53.7
1883,2004,52.9
1884,2003,52.1
1885,2002,51.4
1886,2001,56.0
1887,2000,50.0
1888,2015,54.5
1889,2014,53.6
1890,2013,53.2
1891,2012,52.7
1892,2011,52.3
1893,2010,52.0
1894,2009,51.6
1895,2008,59.0
1896,2007,55.0
1897,2006,49.8
1898,2005,49.2
1899,2004,48.5
1900,2003,48.1
1901,2002,47.7
1902,2001,47.4
1903,2000,47.1
1904,2015,76.0
1905,2014,73.0
1906,2013,71.0
1907,2012,69.8
1908,2011,69.4
1909,2010,69.0
1910,2009,68.7
1911,2008,68.6
1912,2007,68.5
1913,2006,68.5
1914,2005,68.5
1915,2004,68.4
1916,2003,68.1
1917,2002,67.6
1918,2001,66.6
1919,2000,65.4
1920,2015,75.7
1921,2014,75.5
1922,2013,75.3
1923,2012,75.1
1924,2011,74.9
1925,2010,74.7
1926,2009,74.4
1927,2008,74.2
1928,2007,73.5
1929,2006,73.7
1930,2005,73.6
1931,2004,73.5
1932,2003,73.2
1933,2002,72.8
1934,2001,73.1
1935,2000,72.6
1936,2015,81.8
1937,2014,81.6
1938,2013,81.5
1939,2012,81.3
1940,2011,81.1
1941,2010,81.0
1942,2009,89.0
1943,2008,86.0
1944,2007,85.0
1945,2006,84.0
1946,2005,81.0
1947,2004,79.8
1948,2003,79.4
1949,2002,78.9
1950,2001,78.8
1951,2000,78.5
1952,2015,76.6
1953,2014,76.4
1954,2013,76.2
1955,2012,76.0
1956,2011,75.8
1957,2010,75.6
1958,2009,75.4
1959,2008,75.2
1960,2007,74.9
1961,2006,74.7
1962,2005,74.3
1963,2004,74.0
1964,2003,73.6
1965,2002,73.3
1966,2001,72.9
1967,2000,72.6
1968,2015,66.4
1969,2014,66.2
1970,2013,66.0
1971,2012,65.7
1972,2011,65.5
1973,2010,65.1
1974,2009,64.8
1975,2008,64.6
1976,2007,64.4
1977,2006,64.2
1978,2005,62.9
1979,2004,63.7
1980,2003,63.5
1981,2002,63.2
1982,2001,63.0
1983,2000,62.8
1984,2015,77.8
1985,2014,77.6
1986,2013,77.5
1987,2012,77.2
1988,2011,77.3
1989,2010,76.5
1990,2009,76.8
1991,2008,76.5
1992,2007,76.4
1993,2006,76.2
1994,2005,75.8
1995,2004,75.8
1996,2003,75.5
1997,2002,75.7
1998,2001,75.5
1999,2000,75.7
2000,2015,62.9
2001,2014,62.7
2002,2013,62.4
2003,2012,62.2
2004,2011,62.0
2005,2010,61.8
2006,2009,61.6
2007,2008,61.4
2008,2007,61.1
2009,2006,68.0
2010,2005,64.0
2011,2004,59.9
2012,2003,59.6
2013,2002,59.3
2014,2001,59.1
2015,2000,58.9
2016,2015,74.0
2017,2014,73.9
2018,2013,73.8
2019,2012,73.6
2020,2011,73.4
2021,2010,73.2
2022,2009,73.0
2023,2008,72.7
2024,2007,72.5
2025,2006,72.3
2026,2005,72.1
2027,2004,71.9
2028,2003,71.7
2029,2002,71.5
2030,2001,71.2
2031,2000,79.0
2032,2015,75.5
2033,2014,75.3
2034,2013,75.3
2035,2012,74.9
2036,2011,74.5
2037,2010,73.7
2038,2009,73.8
2039,2008,73.9
2040,2007,74.0
2041,2006,74.2
2042,2005,72.8
2043,2004,72.2
2044,2003,72.1
2045,2002,72.6
2046,2001,72.4
2047,2000,71.4
2048,2015,68.5
2049,2014,68.4
2050,2013,68.1
2051,2012,68.1
2052,2011,68.0
2053,2010,67.9
2054,2009,68.0
2055,2008,67.5
2056,2007,67.5
2057,2006,67.3
2058,2005,67.0
2059,2004,67.3
2060,2003,67.2
2061,2002,66.8
2062,2001,66.8
2063,2000,66.8
2064,2015,77.5
2065,2014,77.3
2066,2013,77.1
2067,2012,76.8
2068,2011,76.7
2069,2010,76.3
2070,2009,75.7
2071,2008,75.5
2072,2007,75.3
2073,2006,75.2
2074,2005,75.0
2075,2004,74.9
2076,2003,74.7
2077,2002,74.5
2078,2001,74.2
2079,2000,73.7
2080,2015,81.1
2081,2014,89.0
2082,2013,86.0
2083,2012,83.0
2084,2011,82.0
2085,2010,79.6
2086,2009,79.3
2087,2008,79.0
2088,2007,78.7
2089,2006,78.5
2090,2005,77.7
2091,2004,78.0
2092,2003,77.3
2093,2002,77.2
2094,2001,76.9
2095,2000,76.6
2096,2015,78.2
2097,2014,78.1
2098,2013,77.9
2099,2012,77.8
2100,2011,77.5
2101,2010,77.3
2102,2009,77.0
2103,2008,76.8
2104,2007,76.7
2105,2006,76.6
2106,2005,76.6
2107,2004,76.6
2108,2003,76.5
2109,2002,76.4
2110,2001,76.3
2111,2000,76.2
2112,2015,75.6
2113,2014,75.4
2114,2013,75.3
2115,2012,74.9
2116,2011,74.6
2117,2010,74.4
2118,2009,74.1
2119,2008,74.0
2120,2007,73.8
2121,2006,73.6
2122,2005,73.0
2123,2004,73.0
2124,2003,73.0
2125,2002,72.9
2126,2001,73.1
2127,2000,72.6
2128,2015,64.7
2129,2014,64.2
2130,2013,63.9
2131,2012,63.7
2132,2011,62.9
2133,2010,62.0
2134,2009,68.0
2135,2008,59.4
2136,2007,58.2
2137,2006,56.9
2138,2005,55.3
2139,2004,54.1
2140,2003,53.2
2141,2002,52.6
2142,2001,52.7
2143,2000,52.9
2144,2015,75.0
2145,2014,74.8
2146,2013,74.6
2147,2012,74.4
2148,2011,74.3
2149,2010,73.4
2150,2009,73.1
2151,2008,73.1
2152,2007,72.9
2153,2006,72.5
2154,2005,71.9
2155,2004,71.7
2156,2003,71.1
2157,2002,77.0
2158,2001,78.0
2159,2000,77.0
2160,2015,75.0
2161,2014,73.0
2162,2013,70.0
2163,2012,69.6
2164,2011,69.4
2165,2010,68.4
2166,2009,68.2
2167,2008,67.5
2168,2007,67.3
2169,2006,66.4
2170,2005,65.0
2171,2004,64.9
2172,2003,64.6
2173,2002,64.8
2174,2001,65.1
2175,2000,65.0
2176,2015,66.1
2177,2014,65.7
2178,2013,65.2
2179,2012,64.6
2180,2011,63.8
2181,2010,62.8
2182,2009,61.0
2183,2008,68.0
2184,2007,59.6
2185,2006,57.6
2186,2005,55.3
2187,2004,53.4
2188,2003,52.0
2189,2002,57.0
2190,2001,48.6
2191,2000,48.3
2192,2015,75.2
2193,2014,75.0
2194,2013,74.8
2195,2012,74.7
2196,2011,74.6
2197,2010,74.2
2198,2009,74.3
2199,2008,74.1
2200,2007,73.9
2201,2006,73.5
2202,2005,73.1
2203,2004,72.6
2204,2003,72.2
2205,2002,72.0
2206,2001,71.8
2207,2000,71.6
2208,2015,73.2
2209,2014,73.1
2210,2013,72.7
2211,2012,72.8
2212,2011,72.7
2213,2010,72.5
2214,2009,72.3
2215,2008,72.1
2216,2007,71.9
2217,2006,71.7
2218,2005,71.4
2219,2004,71.2
2220,2003,71.0
2221,2002,79.0
2222,2001,79.0
2223,2000,79.0
2224,2015,74.0
2225,2014,73.8
2226,2013,73.6
2227,2012,73.2
2228,2011,73.0
2229,2010,72.6
2230,2009,76.0
2231,2008,72.5
2232,2007,72.2
2233,2006,72.0
2234,2005,71.6
2235,2004,71.4
2236,2003,79.0
2237,2002,76.0
2238,2001,75.0
2239,2000,72.0
2240,2015,67.5
2241,2014,67.3
2242,2013,67.1
2243,2012,66.9
2244,2011,66.6
2245,2010,66.2
2246,2009,65.8
2247,2008,65.4
2248,2007,65.1
2249,2006,64.7
2250,2005,64.3
2251,2004,63.8
2252,2003,63.4
2253,2002,63.1
2254,2001,62.8
2255,2000,62.6
2256,2015,74.5
2257,2014,74.4
2258,2013,74.3
2259,2012,74.1
2260,2011,73.9
2261,2010,73.7
2262,2009,73.4
2263,2008,73.3
2264,2007,73.2
2265,2006,73.2
2266,2005,73.1
2267,2004,73.1
2268,2003,73.0
2269,2002,72.9
2270,2001,72.8
2271,2000,72.6
2272,2015,66.7
2273,2014,66.4
2274,2013,66.0
2275,2012,65.6
2276,2011,64.9
2277,2010,64.3
2278,2009,63.5
2279,2008,62.8
2280,2007,62.1
2281,2006,61.3
2282,2005,65.0
2283,2004,59.7
2284,2003,59.0
2285,2002,58.4
2286,2001,57.9
2287,2000,57.5
2288,2015,73.2
2289,2014,73.0
2290,2013,72.9
2291,2012,72.7
2292,2011,72.6
2293,2010,72.4
2294,2009,72.3
2295,2008,72.2
2296,2007,72.2
2297,2006,72.2
2298,2005,72.2
2299,2004,72.1
2300,2003,72.1
2301,2002,72.1
2302,2001,72.0
2303,2000,71.8
2304,2015,51.0
2305,2014,48.1
2306,2013,54.0
2307,2012,49.7
2308,2011,48.9
2309,2010,48.1
2310,2009,47.1
2311,2008,46.2
2312,2007,45.3
2313,2006,44.3
2314,2005,43.3
2315,2004,42.3
2316,2003,41.5
2317,2002,48.0
2318,2001,41.0
2319,2000,39.0
2320,2015,83.1
2321,2014,82.9
2322,2013,82.7
2323,2012,82.5
2324,2011,82.2
2325,2010,82.0
2326,2009,81.7
2327,2008,81.4
2328,2007,81.1
2329,2006,87.0
2330,2005,82.0
2331,2004,79.7
2332,2003,79.3
2333,2002,79.0
2334,2001,78.7
2335,2000,78.3
2336,2015,76.7
2337,2014,76.4
2338,2013,76.1
2339,2012,75.8
2340,2011,75.6
2341,2010,75.1
2342,2009,75.0
2343,2008,74.7
2344,2007,74.4
2345,2006,74.3
2346,2005,74.0
2347,2004,74.1
2348,2003,73.8
2349,2002,73.7
2350,2001,73.3
2351,2000,73.0
2352,2015,88.0
2353,2014,87.0
2354,2013,85.0
2355,2012,82.0
2356,2011,79.8
2357,2010,79.5
2358,2009,79.1
2359,2008,78.9
2360,2007,78.3
2361,2006,78.1
2362,2005,77.5
2363,2004,77.2
2364,2003,76.5
2365,2002,76.6
2366,2001,76.2
2367,2000,76.0
2368,2015,69.2
2369,2014,68.8
2370,2013,68.8
2371,2012,68.7
2372,2011,68.5
2373,2010,68.3
2374,2009,68.1
2375,2008,68.0
2376,2007,67.6
2377,2006,67.6
2378,2005,67.4
2379,2004,67.1
2380,2003,66.8
2381,2002,66.5
2382,2001,66.2
2383,2000,65.8
2384,2015,55.0
2385,2014,54.3
2386,2013,54.2
2387,2012,53.1
2388,2011,53.1
2389,2010,52.4
2390,2009,52.2
2391,2008,51.9
2392,2007,51.5
2393,2006,51.5
2394,2005,51.6
2395,2004,51.2
2396,2003,51.1
2397,2002,58.0
2398,2001,57.0
2399,2000,55.0
2400,2015,62.9
2401,2014,62.0
2402,2013,69.0
2403,2012,59.2
2404,2011,58.9
2405,2010,58.0
2406,2009,56.5
2407,2008,55.3
2408,2007,54.5
2409,2006,54.0
2410,2005,53.8
2411,2004,53.7
2412,2003,54.0
2413,2002,54.9
2414,2001,56.0
2415,2000,57.3
2416,2015,82.3
2417,2014,82.0
2418,2013,81.7
2419,2012,81.2
2420,2011,81.1
2421,2010,87.0
2422,2009,86.0
2423,2008,83.0
2424,2007,79.8
2425,2006,79.4
2426,2005,78.7
2427,2004,78.2
2428,2003,77.6
2429,2002,77.1
2430,2001,76.7
2431,2000,76.0
2432,2015,57.3
2433,2014,56.6
2434,2013,56.4
2435,2012,56.0
2436,2011,55.4
2437,2010,55.0
2438,2009,54.3
2439,2008,53.6
2440,2007,53.1
2441,2006,52.5
2442,2005,51.9
2443,2004,51.4
2444,2003,58.0
2445,2002,52.0
2446,2001,49.6
2447,2000,48.9
2448,2015,82.8
2449,2014,82.6
2450,2013,82.4
2451,2012,82.0
2452,2011,82.1
2453,2010,81.9
2454,2009,81.6
2455,2008,81.3
2456,2007,89.0
2457,2006,88.0
2458,2005,81.0
2459,2004,81.0
2460,2003,79.4
2461,2002,79.5
2462,2001,79.4
2463,2000,79.1
2464,2015,74.9
2465,2014,74.7
2466,2013,74.6
2467,2012,74.5
2468,2011,74.5
2469,2010,74.5
2470,2009,71.8
2471,2008,72.3
2472,2007,73.7
2473,2006,73.8
2474,2005,74.2
2475,2004,69.1
2476,2003,73.9
2477,2002,73.7
2478,2001,72.7
2479,2000,71.5
2480,2015,64.1
2481,2014,63.8
2482,2013,63.5
2483,2012,63.2
2484,2011,62.7
2485,2010,62.5
2486,2009,62.0
2487,2008,61.8
2488,2007,61.4
2489,2006,61.0
2490,2005,67.0
2491,2004,59.7
2492,2003,59.6
2493,2002,59.4
2494,2001,58.9
2495,2000,58.6
2496,2015,71.6
2497,2014,71.4
2498,2013,71.2
2499,2012,71.3
2500,2011,76.0
2501,2010,73.0
2502,2009,70.0
2503,2008,69.8
2504,2007,69.5
2505,2006,69.3
2506,2005,68.9
2507,2004,68.3
2508,2003,68.0
2509,2002,67.9
2510,2001,67.7
2511,2000,67.4
2512,2015,82.4
2513,2014,82.3
2514,2013,81.9
2515,2012,81.7
2516,2011,81.7
2517,2010,81.5
2518,2009,81.4
2519,2008,81.1
2520,2007,89.0
2521,2006,88.0
2522,2005,85.0
2523,2004,83.0
2524,2003,82.0
2525,2002,79.9
2526,2001,79.8
2527,2000,79.6
2528,2015,83.4
2529,2014,83.2
2530,2013,83.0
2531,2012,82.7
2532,2011,82.6
2533,2010,82.3
2534,2009,82.1
2535,2008,82.0
2536,2007,81.7
2537,2006,81.5
2538,2005,81.1
2539,2004,81.0
2540,2003,85.0
2541,2002,84.0
2542,2001,82.0
2543,2000,79.7
2544,2015,64.5
2545,2014,64.4
2546,2013,63.6
2547,2012,62.8
2548,2011,71.7
2549,2010,73.7
2550,2009,73.8
2551,2008,73.8
2552,2007,73.8
2553,2006,73.7
2554,2005,73.5
2555,2004,73.2
2556,2003,73.0
2557,2002,72.8
2558,2001,72.7
2559,2000,72.6
2560,2015,69.7
2561,2014,69.6
2562,2013,69.3
2563,2012,68.8
2564,2011,68.1
2565,2010,67.3
2566,2009,66.7
2567,2008,66.4
2568,2007,66.1
2569,2006,65.9
2570,2005,65.5
2571,2004,65.9
2572,2003,65.2
2573,2002,64.3
2574,2001,64.0
2575,2000,63.7
2576,2015,74.9
2577,2014,74.6
2578,2013,74.5
2579,2012,74.3
2580,2011,74.1
2581,2010,73.9
2582,2009,73.7
2583,2008,73.5
2584,2007,73.3
2585,2006,73.0
2586,2005,72.5
2587,2004,71.6
2588,2003,71.7
2589,2002,71.4
2590,2001,71.2
2591,2000,71.1
2592,2015,76.1
2593,2014,75.4
2594,2013,74.8
2595,2012,74.9
2596,2011,75.0
2597,2010,75.0
2598,2009,74.6
2599,2008,74.5
2600,2007,74.4
2601,2006,74.2
2602,2005,74.1
2603,2004,73.8
2604,2003,73.2
2605,2002,73.1
2606,2001,72.9
2607,2000,72.6
2608,2015,59.9
2609,2014,59.7
2610,2013,59.4
2611,2012,58.9
2612,2011,58.3
2613,2010,57.4
2614,2009,56.7
2615,2008,56.2
2616,2007,55.9
2617,2006,55.7
2618,2005,55.0
2619,2004,54.9
2620,2003,54.7
2621,2002,54.7
2622,2001,54.6
2623,2000,54.6
2624,2015,73.5
2625,2014,73.3
2626,2013,73.2
2627,2012,73.0
2628,2011,72.9
2629,2010,72.8
2630,2009,72.5
2631,2008,72.6
2632,2007,72.5
2633,2006,72.4
2634,2005,72.3
2635,2004,72.2
2636,2003,72.0
2637,2002,71.9
2638,2001,71.8
2639,2000,71.6
2640,2015,71.2
2641,2014,71.1
2642,2013,71.0
2643,2012,78.0
2644,2011,76.0
2645,2010,74.0
2646,2009,71.0
2647,2008,69.9
2648,2007,69.7
2649,2006,69.6
2650,2005,69.5
2651,2004,69.4
2652,2003,69.3
2653,2002,69.2
2654,2001,69.1
2655,2000,69.1
2656,2015,75.3
2657,2014,75.1
2658,2013,74.9
2659,2012,74.9
2660,2011,74.8
2661,2010,74.8
2662,2009,74.7
2663,2008,74.7
2664,2007,74.6
2665,2006,74.4
2666,2005,74.2
2667,2004,74.0
2668,2003,73.7
2669,2002,73.5
2670,2001,73.2
2671,2000,72.9
2672,2015,75.8
2673,2014,75.5
2674,2013,75.2
2675,2012,74.8
2676,2011,74.5
2677,2010,74.2
2678,2009,73.9
2679,2008,73.5
2680,2007,73.2
2681,2006,72.8
2682,2005,72.4
2683,2004,72.0
2684,2003,71.6
2685,2002,71.2
2686,2001,78.0
2687,2000,74.0
2688,2015,66.3
2689,2014,66.0
2690,2013,65.4
2691,2012,65.6
2692,2011,65.6
2693,2010,65.8
2694,2009,65.6
2695,2008,64.5
2696,2007,64.1
2697,2006,63.7
2698,2005,63.3
2699,2004,63.5
2700,2003,63.4
2701,2002,63.3
2702,2001,64.0
2703,2000,63.8
2704,2015,62.3
2705,2014,61.5
2706,2013,67.0
2707,2012,60.0
2708,2011,59.3
2709,2010,58.4
2710,2009,57.5
2711,2008,56.3
2712,2007,55.5
2713,2006,54.9
2714,2005,53.2
2715,2004,51.3
2716,2003,51.0
2717,2002,48.8
2718,2001,47.7
2719,2000,46.6
2720,2015,71.3
2721,2014,78.0
2722,2013,71.0
2723,2012,77.0
2724,2011,75.0
2725,2010,69.8
2726,2009,69.2
2727,2008,67.7
2728,2007,67.5
2729,2006,67.7
2730,2005,67.0
2731,2004,67.4
2732,2003,67.6
2733,2002,67.6
2734,2001,67.7
2735,2000,67.5
2736,2015,77.1
2737,2014,76.9
2738,2013,76.7
2739,2012,76.5
2740,2011,76.3
2741,2010,76.2
2742,2009,76.0
2743,2008,75.8
2744,2007,75.6
2745,2006,75.4
2746,2005,75.3
2747,2004,75.1
2748,2003,74.9
2749,2002,74.7
2750,2001,74.5
2751,2000,74.2
2752,2015,81.2
2753,2014,81.0
2754,2013,87.0
2755,2012,86.0
2756,2011,86.0
2757,2010,82.0
2758,2009,81.0
2759,2008,79.6
2760,2007,79.5
2761,2006,79.3
2762,2005,79.0
2763,2004,78.8
2764,2003,78.3
2765,2002,78.2
2766,2001,78.0
2767,2000,77.8
2768,2015,61.8
2769,2014,67.0
2770,2013,59.7
2771,2012,58.6
2772,2011,58.3
2773,2010,57.5
2774,2009,56.9
2775,2008,56.2
2776,2007,54.5
2777,2006,53.1
2778,2005,52.2
2779,2004,51.5
2780,2003,58.0
2781,2002,52.0
2782,2001,49.6
2783,2000,49.2
2784,2015,79.3
2785,2014,79.1
2786,2013,78.9
2787,2012,78.8
2788,2011,78.7
2789,2010,78.7
2790,2009,78.5
2791,2008,78.2
2792,2007,78.1
2793,2006,77.8
2794,2005,77.5
2795,2004,77.5
2796,2003,77.2
2797,2002,77.0
2798,2001,76.9
2799,2000,76.8
2800,2015,77.0
2801,2014,76.8
2802,2013,76.8
2803,2012,76.5
2804,2011,77.0
2805,2010,76.3
2806,2009,76.6
2807,2008,76.4
2808,2007,75.4
2809,2006,76.2
2810,2005,75.7
2811,2004,75.4
2812,2003,75.4
2813,2002,75.4
2814,2001,75.2
2815,2000,75.1
2816,2015,69.4
2817,2014,69.2
2818,2013,69.1
2819,2012,68.8
2820,2011,68.5
2821,2010,68.3
2822,2009,68.0
2823,2008,67.9
2824,2007,67.8
2825,2006,67.6
2826,2005,67.3
2827,2004,67.8
2828,2003,67.2
2829,2002,67.1
2830,2001,67.4
2831,2000,67.1
2832,2015,72.0
2833,2014,71.7
2834,2013,71.6
2835,2012,71.4
2836,2011,71.2
2837,2010,71.0
2838,2009,78.0
2839,2008,75.0
2840,2007,73.0
2841,2006,71.0
2842,2005,69.9
2843,2004,69.6
2844,2003,69.4
2845,2002,69.3
2846,2001,69.1
2847,2000,69.0
2848,2015,74.1
2849,2014,73.9
2850,2013,73.8
2851,2012,73.7
2852,2011,73.8
2853,2010,73.7
2854,2009,73.6
2855,2008,73.2
2856,2007,73.4
2857,2006,73.6
2858,2005,73.6
2859,2004,73.3
2860,2003,72.4
2861,2002,73.1
2862,2001,72.5
2863,2000,72.5
2864,2015,76.0
2865,2014,75.9
2866,2013,75.7
2867,2012,75.6
2868,2011,75.4
2869,2010,75.2
2870,2009,75.0
2871,2008,74.9
2872,2007,74.7
2873,2006,74.6
2874,2005,74.4
2875,2004,74.2
2876,2003,74.0
2877,2002,73.8
2878,2001,73.6
2879,2000,73.4
2880,2015,65.7
2881,2014,65.4
2882,2013,65.4
2883,2012,64.7
2884,2011,64.6
2885,2010,64.4
2886,2009,64.1
2887,2008,63.8
2888,2007,63.4
2889,2006,63.0
2890,2005,62.6
2891,2004,62.2
2892,2003,61.9
2893,2002,61.5
2894,2001,61.1
2895,2000,68.0
2896,2015,61.8
2897,2014,61.1
2898,2013,63.0
2899,2012,59.2
2900,2011,58.2
2901,2010,58.0
2902,2009,57.4
2903,2008,55.7
2904,2007,52.6
2905,2006,58.0
2906,2005,49.3
2907,2004,47.9
2908,2003,46.4
2909,2002,45.5
2910,2001,44.6
2911,2000,43.8
2912,2015,67.0
2913,2014,59.2
2914,2013,58.0
2915,2012,56.6
2916,2011,54.9
2917,2010,52.4
2918,2009,50.0
2919,2008,48.2
2920,2007,46.6
2921,2006,45.4
2922,2005,44.6
2923,2004,44.3
2924,2003,44.5
2925,2002,44.8
2926,2001,45.3
2927,2000,46.0
